# Data1   	  Data2    	  Data3    	  Data4 
 1030.82 	  2211.14 	  4736.16 	   953.84 	
  574.43 	  2420.50 	  2003.85 	   971.39 	
 1555.43 	  2972.90 	  2168.58 	  1495.64 	
 2578.75 	  1828.91 	  1781.11 	 15516.57 	
 1636.83 	  1867.09 	  3037.87 	  2181.04 	
 2354.64 	  2857.06 	  1064.28 	  2760.07 	
 3400.13 	  2494.88 	  4106.48 	   346.00 	
 3471.79 	   434.24 	  2827.50 	  2466.64 	
 2940.09 	  2776.35 	  2817.29 	  4244.23 	
 2935.75 	  1864.50 	  4200.71 	  2867.09 	
 4011.23 	  2695.94 	  3235.07 	   486.04 	
 1268.98 	   942.99 	  2101.71 	  5211.83 	
 2875.64 	  4828.35 	  2057.24 	  7174.26 	
 2854.94 	  1427.67 	  1404.59 	   563.12 	
 2295.27 	  1261.83 	  4551.34 	  5409.81 	
 1555.47 	  2408.43 	  1876.84 	  1296.71 	
 3836.60 	  2041.85 	  1460.68 	   138.03 	
 2828.53 	  2707.50 	  1073.16 	  1346.93 	
 3314.87 	  1611.05 	  4054.72 	  4973.00 	
 2956.06 	  2157.95 	  3294.15 	 10671.02 	
 1899.55 	  2727.74 	  1998.50 	  2453.60 	
 2836.46 	  2207.61 	  1746.21 	  3208.76 	
 4700.02 	  2628.62 	  3375.75 	   920.69 	
 5306.14 	  2053.29 	  3571.49 	   468.94 	
 3431.38 	  1597.98 	  3144.24 	   886.46 	
 2745.04 	  1843.28 	  3455.97 	  1763.42 	
 4003.60 	  4009.04 	  1607.03 	  5339.96 	
 3333.91 	  2890.72 	  2139.42 	  7147.26 	
 3371.46 	  1529.82 	  5913.52 	    13.20 	
 5135.04 	  1061.50 	  1322.71 	  3980.08 	
 3783.58 	  1162.43 	  4273.15 	   953.84 	
 3810.19 	  1604.85 	  1179.75 	  4195.11 	
 2746.50 	  2738.24 	  1620.59 	  1989.36 	
 2393.55 	  2060.20 	  2423.46 	   861.24 	
 2975.16 	  2237.59 	  3134.33 	  4945.18 	
 3487.38 	  4319.54 	  1732.21 	  3206.26 	
 2242.08 	  3373.26 	  1796.51 	   180.73 	
 1872.31 	  1594.78 	  1188.12 	   209.49 	
 1685.95 	  2226.95 	  5851.94 	   257.68 	
 1387.32 	  2935.59 	  1836.66 	  1469.09 	
 3901.91 	  2827.53 	  3818.01 	  3193.06 	
 1371.14 	  2336.19 	  1320.01 	  1634.15 	
 1346.82 	  2549.40 	  3245.23 	  4386.68 	
 1771.12 	  1920.54 	  1784.25 	  7436.22 	
 3074.70 	  3340.19 	  3657.91 	  3756.52 	
 3158.70 	  2182.33 	  2974.49 	   371.60 	
 2890.41 	  1707.12 	  1539.64 	  2959.77 	
 2091.11 	  1561.12 	  3491.34 	  1548.24 	
 2060.94 	  1980.36 	  1763.92 	   525.40 	
 3098.74 	  1176.30 	  2890.95 	  2173.45 	
 1776.24 	  2219.27 	  1555.72 	  1133.13 	
 1912.08 	  3816.98 	  3147.84 	  1266.10 	
 4166.95 	  1944.90 	  2553.55 	   140.55 	
 2873.86 	  3119.23 	  3533.65 	  1148.48 	
 2986.85 	  2786.94 	  4863.38 	  1188.42 	
  893.74 	  2352.15 	  1939.30 	   681.45 	
 1902.23 	  2585.93 	   681.82 	  1323.93 	
 4151.16 	  3326.32 	  3363.64 	   200.75 	
 2929.54 	  2450.50 	  3637.41 	   801.32 	
 3025.12 	  2539.31 	  2085.47 	   549.93 	
 2894.26 	  1959.81 	  1192.67 	  1842.90 	
 3279.21 	  1829.63 	  2498.30 	  4926.39 	
 2307.65 	  2989.21 	  1588.30 	   659.50 	
 1284.50 	   983.72 	  2706.50 	   708.99 	
 3568.18 	  5398.93 	  2890.07 	 12855.00 	
 2102.18 	  3204.27 	  2368.20 	  6128.76 	
 1504.31 	  1541.89 	  4223.22 	   466.32 	
 2962.51 	  2169.45 	  1982.96 	  3127.15 	
  476.09 	  3884.75 	  3632.94 	  1453.15 	
 2469.94 	  3898.26 	  2323.82 	  3170.13 	
 2188.52 	  1402.97 	  2689.29 	    91.87 	
 2832.67 	  2627.24 	  1608.20 	   570.16 	
 2482.59 	  1150.53 	  2464.69 	   706.66 	
 3072.21 	  5659.27 	  5531.97 	  3306.89 	
 1901.31 	  2301.60 	  1594.11 	  3654.04 	
 1932.55 	  2331.21 	  1491.28 	  2907.24 	
 4044.24 	  1804.85 	  1517.16 	   681.39 	
 2418.61 	  3547.76 	  2861.40 	  1043.62 	
 3375.10 	   997.17 	  5540.40 	  1125.28 	
 1986.58 	  3206.35 	  3968.85 	  9616.38 	
 2976.55 	  2074.51 	  1198.49 	  1179.09 	
  910.34 	  2802.21 	  1595.01 	   250.21 	
 4320.69 	   515.22 	  2417.74 	   891.82 	
 2560.42 	  2119.14 	  3669.87 	  2690.94 	
 2004.47 	  1949.77 	  2060.02 	   858.42 	
 1508.17 	  1595.32 	  2510.90 	  1851.01 	
 1013.72 	  1868.63 	  1279.86 	  2133.36 	
 2524.08 	  2427.04 	  1318.27 	   453.02 	
 2839.16 	  3065.15 	  3931.26 	   482.04 	
 2074.05 	  3639.78 	  2569.73 	  1000.97 	
 1328.93 	  3111.31 	   650.29 	   226.16 	
 3306.12 	  2861.50 	  1863.28 	   489.73 	
 4363.98 	  2115.04 	  1592.76 	   603.75 	
 4226.93 	  1778.90 	   884.48 	  3274.82 	
 1937.66 	  2225.90 	  1922.85 	  3336.65 	
 2403.56 	  4979.69 	  3078.03 	  1413.07 	
 4001.62 	  2461.52 	  2959.85 	  1787.26 	
 3835.00 	  1807.70 	  4399.57 	  1944.16 	
 2227.63 	  3858.11 	  3627.32 	  3347.72 	
 1859.50 	  4266.77 	  3196.72 	   742.26 	
